348 1851 824 931 557 1804 101 2099 508 1327 1010 693 138 204 135 43 1325 1883 1167 364 
998 16 17 1747 790 1944 987 1215 703 1125 75 905 198 1637 2007 58 247 194 60 383 
1454 1074 1027 185 254 141 82 526 1455 555 713 879 590 243 2010 2131 2174 306 771 1363 
1759 648 46 167 770 657 562 922 1788 1122 236 1794 321 1590 414 303 341 593 1063 349 
59 19 37 212 127 234 535 589 90 322 652 49 1157 1788 701 65 291 1091 351 167 
998 16 17 1747 703 1944 987 790 1215 1125 574 947 1601 271 836 1024 56 246 261 269 
15 138 7 886 428 423 1090 403 460 532 222 970 630 1797 2078 522 550 573 1055 319 
15 234 6 69 2112 94 1108 1129 658 7 351 92 16 114 139 17 43 138 1471 459 
567 1367 71 138 678 780 576 316 591 1106 135 2036 675 1351 78 198 31 48 208 1883 
998 790 703 987 1215 16 1944 1747 1125 17 212 232 19 411 138 697 49 135 1536 833 
590 2131 2010 747 237 234 69 185 197 1265 1136 904 1188 3 728 1054 6 515 1150 784 
1008 562 3 273 1015 2113 692 4 559 225 657 770 46 167 593 630 922 157 700 1883 
246 1132 276 862 982 1838 755 487 174 978 206 397 170 590 996 1192 2010 2131 491 915 
998 16 17 1747 1944 987 1215 703 1125 790 19 49 50 138 110 212 226 269 785 2089 
163 1027 765 1125 209 811 750 1074 867 185 141 2010 415 1454 2131 590 254 555 157 1348 
1159 1991 569 886 428 603 466 32 1164 342 35 400 80 584 859 59 293 651 690 1231 
1074 400 1778 1724 1928 91 51 164 1336 1989 1188 130 284 1511 545 1027 704 123 269 715 
342 46 167 1188 84 321 341 770 657 922 281 192 114 400 303 1642 231 32 904 349 
583 89 95 1449 571 1074 21 541 219 463 1890 837 790 1343 102 52 1445 605 878 216 
36 143 138 364 31 535 167 1325 1167 1188 291 1224 1788 351 770 46 150 316 657 284 
